%YAML:1.0
---
model_type: PINHOLE
camera_name: camera
image_width: 640
image_height: 480
distortion_parameters:
   k1: 0.0
   k2: 0.0
   p1: 0.0
   p2: 0.0
projection_parameters:
   fx: 385.2679748535156
   fy: 385.2679748535156
   cx: 321.61126708984375
   cy: 234.43435668945312
